2009
    12300.00     9000.00  0.109411E+04
    12300.00     9025.00  0.109545E+04
    12300.00     9050.00  0.109805E+04
    12300.00     9075.00  0.110147E+04
    12300.00     9100.00  0.110555E+04
    12300.00     9125.00  0.111011E+04
    12300.00     9150.00  0.111490E+04
    12300.00     9175.00  0.111971E+04
    12300.00     9200.00  0.112438E+04
    12300.00     9225.00  0.112885E+04
    12300.00     9250.00  0.113306E+04
    12300.00     9275.00  0.113699E+04
    12300.00     9300.00  0.114057E+04
    12300.00     9325.00  0.114374E+04
    12300.00     9350.00  0.114644E+04
    12300.00     9375.00  0.114863E+04
    12300.00     9400.00  0.115034E+04
    12300.00     9425.00  0.115166E+04
    12300.00     9450.00  0.115274E+04
    12300.00     9475.00  0.115371E+04
    12300.00     9500.00  0.115470E+04
    12300.00     9525.00  0.115573E+04
    12300.00     9550.00  0.115673E+04
    12300.00     9575.00  0.115755E+04
    12300.00     9600.00  0.115808E+04
    12300.00     9625.00  0.115835E+04
    12300.00     9650.00  0.115848E+04
    12300.00     9675.00  0.115847E+04
    12300.00     9700.00  0.115806E+04
    12300.00     9725.00  0.115707E+04
    12300.00     9750.00  0.115566E+04
    12300.00     9775.00  0.115415E+04
    12300.00     9800.00  0.115273E+04
    12300.00     9825.00  0.115138E+04
    12300.00     9850.00  0.115003E+04
    12300.00     9875.00  0.114864E+04
    12300.00     9900.00  0.114721E+04
    12300.00     9925.00  0.114575E+04
    12300.00     9950.00  0.114431E+04
    12300.00     9975.00  0.114308E+04
    12300.00    10000.00  0.114245E+04
    12325.00     9000.00  0.109404E+04
    12325.00     9025.00  0.109548E+04
    12325.00     9050.00  0.109827E+04
    12325.00     9075.00  0.110186E+04
    12325.00     9100.00  0.110602E+04
    12325.00     9125.00  0.111057E+04
    12325.00     9150.00  0.111530E+04
    12325.00     9175.00  0.111998E+04
    12325.00     9200.00  0.112448E+04
    12325.00     9225.00  0.112877E+04
    12325.00     9250.00  0.113288E+04
    12325.00     9275.00  0.113679E+04
    12325.00     9300.00  0.114044E+04
    12325.00     9325.00  0.114367E+04
    12325.00     9350.00  0.114640E+04
    12325.00     9375.00  0.114855E+04
    12325.00     9400.00  0.115017E+04
    12325.00     9425.00  0.115136E+04
    12325.00     9450.00  0.115229E+04
    12325.00     9475.00  0.115313E+04
    12325.00     9500.00  0.115399E+04
    12325.00     9525.00  0.115491E+04
    12325.00     9550.00  0.115581E+04
    12325.00     9575.00  0.115653E+04
    12325.00     9600.00  0.115697E+04
    12325.00     9625.00  0.115715E+04
    12325.00     9650.00  0.115719E+04
    12325.00     9675.00  0.115707E+04
    12325.00     9700.00  0.115661E+04
    12325.00     9725.00  0.115565E+04
    12325.00     9750.00  0.115433E+04
    12325.00     9775.00  0.115292E+04
    12325.00     9800.00  0.115157E+04
    12325.00     9825.00  0.115026E+04
    12325.00     9850.00  0.114893E+04
    12325.00     9875.00  0.114756E+04
    12325.00     9900.00  0.114615E+04
    12325.00     9925.00  0.114472E+04
    12325.00     9950.00  0.114331E+04
    12325.00     9975.00  0.114211E+04
    12325.00    10000.00  0.114147E+04
    12350.00     9000.00  0.109392E+04
    12350.00     9025.00  0.109552E+04
    12350.00     9050.00  0.109856E+04
    12350.00     9075.00  0.110239E+04
    12350.00     9100.00  0.110665E+04
    12350.00     9125.00  0.111118E+04
    12350.00     9150.00  0.111577E+04
    12350.00     9175.00  0.112024E+04
    12350.00     9200.00  0.112448E+04
    12350.00     9225.00  0.112854E+04
    12350.00     9250.00  0.113253E+04
    12350.00     9275.00  0.113648E+04
    12350.00     9300.00  0.114025E+04
    12350.00     9325.00  0.114362E+04
    12350.00     9350.00  0.114639E+04
    12350.00     9375.00  0.114848E+04
    12350.00     9400.00  0.114990E+04
    12350.00     9425.00  0.115084E+04
    12350.00     9450.00  0.115150E+04
    12350.00     9475.00  0.115208E+04
    12350.00     9500.00  0.115272E+04
    12350.00     9525.00  0.115346E+04
    12350.00     9550.00  0.115418E+04
    12350.00     9575.00  0.115473E+04
    12350.00     9600.00  0.115500E+04
    12350.00     9625.00  0.115500E+04
    12350.00     9650.00  0.115484E+04
    12350.00     9675.00  0.115455E+04
    12350.00     9700.00  0.115402E+04
    12350.00     9725.00  0.115312E+04
    12350.00     9750.00  0.115197E+04
    12350.00     9775.00  0.115073E+04
    12350.00     9800.00  0.114951E+04
    12350.00     9825.00  0.114826E+04
    12350.00     9850.00  0.114696E+04
    12350.00     9875.00  0.114561E+04
    12350.00     9900.00  0.114423E+04
    12350.00     9925.00  0.114284E+04
    12350.00     9950.00  0.114146E+04
    12350.00     9975.00  0.114028E+04
    12350.00    10000.00  0.113964E+04
    12375.00     9000.00  0.109390E+04
    12375.00     9025.00  0.109557E+04
    12375.00     9050.00  0.109874E+04
    12375.00     9075.00  0.110266E+04
    12375.00     9100.00  0.110692E+04
    12375.00     9125.00  0.111134E+04
    12375.00     9150.00  0.111577E+04
    12375.00     9175.00  0.112003E+04
    12375.00     9200.00  0.112408E+04
    12375.00     9225.00  0.112804E+04
    12375.00     9250.00  0.113206E+04
    12375.00     9275.00  0.113615E+04
    12375.00     9300.00  0.114011E+04
    12375.00     9325.00  0.114360E+04
    12375.00     9350.00  0.114638E+04
    12375.00     9375.00  0.114835E+04
    12375.00     9400.00  0.114957E+04
    12375.00     9425.00  0.115025E+04
    12375.00     9450.00  0.115063E+04
    12375.00     9475.00  0.115096E+04
    12375.00     9500.00  0.115136E+04
    12375.00     9525.00  0.115189E+04
    12375.00     9550.00  0.115242E+04
    12375.00     9575.00  0.115276E+04
    12375.00     9600.00  0.115280E+04
    12375.00     9625.00  0.115257E+04
    12375.00     9650.00  0.115221E+04
    12375.00     9675.00  0.115176E+04
    12375.00     9700.00  0.115118E+04
    12375.00     9725.00  0.115039E+04
    12375.00     9750.00  0.114943E+04
    12375.00     9775.00  0.114839E+04
    12375.00     9800.00  0.114730E+04
    12375.00     9825.00  0.114610E+04
    12375.00     9850.00  0.114480E+04
    12375.00     9875.00  0.114344E+04
    12375.00     9900.00  0.114206E+04
    12375.00     9925.00  0.114067E+04
    12375.00     9950.00  0.113930E+04
    12375.00     9975.00  0.113814E+04
    12375.00    10000.00  0.113750E+04
    12400.00     9000.00  0.109393E+04
    12400.00     9025.00  0.109555E+04
    12400.00     9050.00  0.109863E+04
    12400.00     9075.00  0.110242E+04
    12400.00     9100.00  0.110651E+04
    12400.00     9125.00  0.111071E+04
    12400.00     9150.00  0.111492E+04
    12400.00     9175.00  0.111904E+04
    12400.00     9200.00  0.112307E+04
    12400.00     9225.00  0.112714E+04
    12400.00     9250.00  0.113139E+04
    12400.00     9275.00  0.113575E+04
    12400.00     9300.00  0.113989E+04
    12400.00     9325.00  0.114342E+04
    12400.00     9350.00  0.114612E+04
    12400.00     9375.00  0.114795E+04
    12400.00     9400.00  0.114902E+04
    12400.00     9425.00  0.114955E+04
    12400.00     9450.00  0.114979E+04
    12400.00     9475.00  0.114996E+04
    12400.00     9500.00  0.115021E+04
    12400.00     9525.00  0.115056E+04
    12400.00     9550.00  0.115085E+04
    12400.00     9575.00  0.115092E+04
    12400.00     9600.00  0.115068E+04
    12400.00     9625.00  0.115021E+04
    12400.00     9650.00  0.114967E+04
    12400.00     9675.00  0.114914E+04
    12400.00     9700.00  0.114859E+04
    12400.00     9725.00  0.114792E+04
    12400.00     9750.00  0.114713E+04
    12400.00     9775.00  0.114628E+04
    12400.00     9800.00  0.114530E+04
    12400.00     9825.00  0.114413E+04
    12400.00     9850.00  0.114279E+04
    12400.00     9875.00  0.114137E+04
    12400.00     9900.00  0.113994E+04
    12400.00     9925.00  0.113851E+04
    12400.00     9950.00  0.113713E+04
    12400.00     9975.00  0.113596E+04
    12400.00    10000.00  0.113534E+04
    12425.00     9000.00  0.109398E+04
    12425.00     9025.00  0.109543E+04
    12425.00     9050.00  0.109820E+04
    12425.00     9075.00  0.110163E+04
    12425.00     9100.00  0.110532E+04
    12425.00     9125.00  0.110917E+04
    12425.00     9150.00  0.111313E+04
    12425.00     9175.00  0.111716E+04
    12425.00     9200.00  0.112130E+04
    12425.00     9225.00  0.112568E+04
    12425.00     9250.00  0.113032E+04
    12425.00     9275.00  0.113502E+04
    12425.00     9300.00  0.113932E+04
    12425.00     9325.00  0.114282E+04
    12425.00     9350.00  0.114537E+04
    12425.00     9375.00  0.114706E+04
    12425.00     9400.00  0.114808E+04
    12425.00     9425.00  0.114863E+04
    12425.00     9450.00  0.114892E+04
    12425.00     9475.00  0.114913E+04
    12425.00     9500.00  0.114933E+04
    12425.00     9525.00  0.114950E+04
    12425.00     9550.00  0.114950E+04
    12425.00     9575.00  0.114922E+04
    12425.00     9600.00  0.114864E+04
    12425.00     9625.00  0.114792E+04
    12425.00     9650.00  0.114724E+04
    12425.00     9675.00  0.114671E+04
    12425.00     9700.00  0.114624E+04
    12425.00     9725.00  0.114569E+04
    12425.00     9750.00  0.114505E+04
    12425.00     9775.00  0.114431E+04
    12425.00     9800.00  0.114342E+04
    12425.00     9825.00  0.114227E+04
    12425.00     9850.00  0.114091E+04
    12425.00     9875.00  0.113944E+04
    12425.00     9900.00  0.113794E+04
    12425.00     9925.00  0.113645E+04
    12425.00     9950.00  0.113504E+04
    12425.00     9975.00  0.113387E+04
    12425.00    10000.00  0.113325E+04
    12450.00     9000.00  0.109418E+04
    12450.00     9025.00  0.109535E+04
    12450.00     9050.00  0.109757E+04
    12450.00     9075.00  0.110035E+04
    12450.00     9100.00  0.110344E+04
    12450.00     9125.00  0.110681E+04
    12450.00     9150.00  0.111048E+04
    12450.00     9175.00  0.111445E+04
    12450.00     9200.00  0.111880E+04
    12450.00     9225.00  0.112356E+04
    12450.00     9250.00  0.112864E+04
    12450.00     9275.00  0.113369E+04
    12450.00     9300.00  0.113815E+04
    12450.00     9325.00  0.114162E+04
    12450.00     9350.00  0.114405E+04
    12450.00     9375.00  0.114566E+04
    12450.00     9400.00  0.114671E+04
    12450.00     9425.00  0.114740E+04
    12450.00     9450.00  0.114788E+04
    12450.00     9475.00  0.114826E+04
    12450.00     9500.00  0.114850E+04
    12450.00     9525.00  0.114851E+04
    12450.00     9550.00  0.114818E+04
    12450.00     9575.00  0.114750E+04
    12450.00     9600.00  0.114656E+04
    12450.00     9625.00  0.114559E+04
    12450.00     9650.00  0.114484E+04
    12450.00     9675.00  0.114438E+04
    12450.00     9700.00  0.114402E+04
    12450.00     9725.00  0.114357E+04
    12450.00     9750.00  0.114297E+04
    12450.00     9775.00  0.114227E+04
    12450.00     9800.00  0.114140E+04
    12450.00     9825.00  0.114030E+04
    12450.00     9850.00  0.113898E+04
    12450.00     9875.00  0.113754E+04
    12450.00     9900.00  0.113605E+04
    12450.00     9925.00  0.113455E+04
    12450.00     9950.00  0.113313E+04
    12450.00     9975.00  0.113197E+04
    12450.00    10000.00  0.113136E+04
    12475.00     9000.00  0.109474E+04
    12475.00     9025.00  0.109549E+04
    12475.00     9050.00  0.109692E+04
    12475.00     9075.00  0.109880E+04
    12475.00     9100.00  0.110110E+04
    12475.00     9125.00  0.110391E+04
    12475.00     9150.00  0.110729E+04
    12475.00     9175.00  0.111125E+04
    12475.00     9200.00  0.111581E+04
    12475.00     9225.00  0.112094E+04
    12475.00     9250.00  0.112641E+04
    12475.00     9275.00  0.113173E+04
    12475.00     9300.00  0.113633E+04
    12475.00     9325.00  0.113982E+04
    12475.00     9350.00  0.114222E+04
    12475.00     9375.00  0.114383E+04
    12475.00     9400.00  0.114495E+04
    12475.00     9425.00  0.114578E+04
    12475.00     9450.00  0.114648E+04
    12475.00     9475.00  0.114706E+04
    12475.00     9500.00  0.114737E+04
    12475.00     9525.00  0.114724E+04
    12475.00     9550.00  0.114659E+04
    12475.00     9575.00  0.114553E+04
    12475.00     9600.00  0.114431E+04
    12475.00     9625.00  0.114322E+04
    12475.00     9650.00  0.114250E+04
    12475.00     9675.00  0.114215E+04
    12475.00     9700.00  0.114189E+04
    12475.00     9725.00  0.114147E+04
    12475.00     9750.00  0.114081E+04
    12475.00     9775.00  0.114001E+04
    12475.00     9800.00  0.113910E+04
    12475.00     9825.00  0.113806E+04
    12475.00     9850.00  0.113689E+04
    12475.00     9875.00  0.113559E+04
    12475.00     9900.00  0.113422E+04
    12475.00     9925.00  0.113283E+04
    12475.00     9950.00  0.113147E+04
    12475.00     9975.00  0.113034E+04
    12475.00    10000.00  0.112972E+04
    12500.00     9000.00  0.109562E+04
    12500.00     9025.00  0.109586E+04
    12500.00     9050.00  0.109636E+04
    12500.00     9075.00  0.109721E+04
    12500.00     9100.00  0.109864E+04
    12500.00     9125.00  0.110089E+04
    12500.00     9150.00  0.110405E+04
    12500.00     9175.00  0.110805E+04
    12500.00     9200.00  0.111283E+04
    12500.00     9225.00  0.111825E+04
    12500.00     9250.00  0.112397E+04
    12500.00     9275.00  0.112945E+04
    12500.00     9300.00  0.113409E+04
    12500.00     9325.00  0.113759E+04
    12500.00     9350.00  0.114000E+04
    12500.00     9375.00  0.114162E+04
    12500.00     9400.00  0.114278E+04
    12500.00     9425.00  0.114373E+04
    12500.00     9450.00  0.114459E+04
    12500.00     9475.00  0.114530E+04
    12500.00     9500.00  0.114564E+04
    12500.00     9525.00  0.114540E+04
    12500.00     9550.00  0.114453E+04
    12500.00     9575.00  0.114326E+04
    12500.00     9600.00  0.114193E+04
    12500.00     9625.00  0.114089E+04
    12500.00     9650.00  0.114031E+04
    12500.00     9675.00  0.114009E+04
    12500.00     9700.00  0.113988E+04
    12500.00     9725.00  0.113940E+04
    12500.00     9750.00  0.113858E+04
    12500.00     9775.00  0.113761E+04
    12500.00     9800.00  0.113662E+04
    12500.00     9825.00  0.113566E+04
    12500.00     9850.00  0.113467E+04
    12500.00     9875.00  0.113360E+04
    12500.00     9900.00  0.113246E+04
    12500.00     9925.00  0.113126E+04
    12500.00     9950.00  0.113002E+04
    12500.00     9975.00  0.112891E+04
    12500.00    10000.00  0.112828E+04
    12525.00     9000.00  0.109654E+04
    12525.00     9025.00  0.109629E+04
    12525.00     9050.00  0.109590E+04
    12525.00     9075.00  0.109578E+04
    12525.00     9100.00  0.109643E+04
    12525.00     9125.00  0.109825E+04
    12525.00     9150.00  0.110129E+04
    12525.00     9175.00  0.110540E+04
    12525.00     9200.00  0.111036E+04
    12525.00     9225.00  0.111595E+04
    12525.00     9250.00  0.112175E+04
    12525.00     9275.00  0.112720E+04
    12525.00     9300.00  0.113177E+04
    12525.00     9325.00  0.113517E+04
    12525.00     9350.00  0.113752E+04
    12525.00     9375.00  0.113913E+04
    12525.00     9400.00  0.114032E+04
    12525.00     9425.00  0.114134E+04
    12525.00     9450.00  0.114225E+04
    12525.00     9475.00  0.114297E+04
    12525.00     9500.00  0.114328E+04
    12525.00     9525.00  0.114299E+04
    12525.00     9550.00  0.114210E+04
    12525.00     9575.00  0.114086E+04
    12525.00     9600.00  0.113964E+04
    12525.00     9625.00  0.113876E+04
    12525.00     9650.00  0.113834E+04
    12525.00     9675.00  0.113818E+04
    12525.00     9700.00  0.113794E+04
    12525.00     9725.00  0.113735E+04
    12525.00     9750.00  0.113640E+04
    12525.00     9775.00  0.113529E+04
    12525.00     9800.00  0.113426E+04
    12525.00     9825.00  0.113338E+04
    12525.00     9850.00  0.113258E+04
    12525.00     9875.00  0.113175E+04
    12525.00     9900.00  0.113086E+04
    12525.00     9925.00  0.112986E+04
    12525.00     9950.00  0.112871E+04
    12525.00     9975.00  0.112756E+04
    12525.00    10000.00  0.112688E+04
    12550.00     9000.00  0.109710E+04
    12550.00     9025.00  0.109649E+04
    12550.00     9050.00  0.109547E+04
    12550.00     9075.00  0.109468E+04
    12550.00     9100.00  0.109483E+04
    12550.00     9125.00  0.109641E+04
    12550.00     9150.00  0.109945E+04
    12550.00     9175.00  0.110366E+04
    12550.00     9200.00  0.110874E+04
    12550.00     9225.00  0.111434E+04
    12550.00     9250.00  0.112002E+04
    12550.00     9275.00  0.112525E+04
    12550.00     9300.00  0.112958E+04
    12550.00     9325.00  0.113281E+04
    12550.00     9350.00  0.113507E+04
    12550.00     9375.00  0.113665E+04
    12550.00     9400.00  0.113785E+04
    12550.00     9425.00  0.113887E+04
    12550.00     9450.00  0.113972E+04
    12550.00     9475.00  0.114034E+04
    12550.00     9500.00  0.114059E+04
    12550.00     9525.00  0.114035E+04
    12550.00     9550.00  0.113964E+04
    12550.00     9575.00  0.113864E+04
    12550.00     9600.00  0.113767E+04
    12550.00     9625.00  0.113698E+04
    12550.00     9650.00  0.113661E+04
    12550.00     9675.00  0.113640E+04
    12550.00     9700.00  0.113606E+04
    12550.00     9725.00  0.113539E+04
    12550.00     9750.00  0.113440E+04
    12550.00     9775.00  0.113328E+04
    12550.00     9800.00  0.113227E+04
    12550.00     9825.00  0.113147E+04
    12550.00     9850.00  0.113082E+04
    12550.00     9875.00  0.113019E+04
    12550.00     9900.00  0.112949E+04
    12550.00     9925.00  0.112862E+04
    12550.00     9950.00  0.112748E+04
    12550.00     9975.00  0.112623E+04
    12550.00    10000.00  0.112546E+04
    12575.00     9000.00  0.109691E+04
    12575.00     9025.00  0.109616E+04
    12575.00     9050.00  0.109493E+04
    12575.00     9075.00  0.109395E+04
    12575.00     9100.00  0.109401E+04
    12575.00     9125.00  0.109559E+04
    12575.00     9150.00  0.109867E+04
    12575.00     9175.00  0.110293E+04
    12575.00     9200.00  0.110800E+04
    12575.00     9225.00  0.111348E+04
    12575.00     9250.00  0.111890E+04
    12575.00     9275.00  0.112376E+04
    12575.00     9300.00  0.112773E+04
    12575.00     9325.00  0.113075E+04
    12575.00     9350.00  0.113294E+04
    12575.00     9375.00  0.113451E+04
    12575.00     9400.00  0.113568E+04
    12575.00     9425.00  0.113661E+04
    12575.00     9450.00  0.113733E+04
    12575.00     9475.00  0.113783E+04
    12575.00     9500.00  0.113807E+04
    12575.00     9525.00  0.113799E+04
    12575.00     9550.00  0.113755E+04
    12575.00     9575.00  0.113689E+04
    12575.00     9600.00  0.113621E+04
    12575.00     9625.00  0.113563E+04
    12575.00     9650.00  0.113519E+04
    12575.00     9675.00  0.113482E+04
    12575.00     9700.00  0.113436E+04
    12575.00     9725.00  0.113365E+04
    12575.00     9750.00  0.113269E+04
    12575.00     9775.00  0.113164E+04
    12575.00     9800.00  0.113070E+04
    12575.00     9825.00  0.112997E+04
    12575.00     9850.00  0.112942E+04
    12575.00     9875.00  0.112893E+04
    12575.00     9900.00  0.112837E+04
    12575.00     9925.00  0.112756E+04
    12575.00     9950.00  0.112637E+04
    12575.00     9975.00  0.112498E+04
    12575.00    10000.00  0.112408E+04
    12600.00     9000.00  0.109582E+04
    12600.00     9025.00  0.109514E+04
    12600.00     9050.00  0.109409E+04
    12600.00     9075.00  0.109343E+04
    12600.00     9100.00  0.109382E+04
    12600.00     9125.00  0.109561E+04
    12600.00     9150.00  0.109874E+04
    12600.00     9175.00  0.110298E+04
    12600.00     9200.00  0.110797E+04
    12600.00     9225.00  0.111328E+04
    12600.00     9250.00  0.111839E+04
    12600.00     9275.00  0.112283E+04
    12600.00     9300.00  0.112640E+04
    12600.00     9325.00  0.112916E+04
    12600.00     9350.00  0.113125E+04
    12600.00     9375.00  0.113279E+04
    12600.00     9400.00  0.113388E+04
    12600.00     9425.00  0.113467E+04
    12600.00     9450.00  0.113527E+04
    12600.00     9475.00  0.113576E+04
    12600.00     9500.00  0.113611E+04
    12600.00     9525.00  0.113624E+04
    12600.00     9550.00  0.113610E+04
    12600.00     9575.00  0.113573E+04
    12600.00     9600.00  0.113526E+04
    12600.00     9625.00  0.113472E+04
    12600.00     9650.00  0.113414E+04
    12600.00     9675.00  0.113358E+04
    12600.00     9700.00  0.113298E+04
    12600.00     9725.00  0.113222E+04
    12600.00     9750.00  0.113127E+04
    12600.00     9775.00  0.113026E+04
    12600.00     9800.00  0.112937E+04
    12600.00     9825.00  0.112871E+04
    12600.00     9850.00  0.112825E+04
    12600.00     9875.00  0.112787E+04
    12600.00     9900.00  0.112740E+04
    12600.00     9925.00  0.112663E+04
    12600.00     9950.00  0.112539E+04
    12600.00     9975.00  0.112389E+04
    12600.00    10000.00  0.112291E+04
    12625.00     9000.00  0.109414E+04
    12625.00     9025.00  0.109363E+04
    12625.00     9050.00  0.109297E+04
    12625.00     9075.00  0.109288E+04
    12625.00     9100.00  0.109384E+04
    12625.00     9125.00  0.109596E+04
    12625.00     9150.00  0.109919E+04
    12625.00     9175.00  0.110338E+04
    12625.00     9200.00  0.110827E+04
    12625.00     9225.00  0.111342E+04
    12625.00     9250.00  0.111827E+04
    12625.00     9275.00  0.112233E+04
    12625.00     9300.00  0.112551E+04
    12625.00     9325.00  0.112798E+04
    12625.00     9350.00  0.112989E+04
    12625.00     9375.00  0.113130E+04
    12625.00     9400.00  0.113227E+04
    12625.00     9425.00  0.113297E+04
    12625.00     9450.00  0.113359E+04
    12625.00     9475.00  0.113421E+04
    12625.00     9500.00  0.113477E+04
    12625.00     9525.00  0.113510E+04
    12625.00     9550.00  0.113516E+04
    12625.00     9575.00  0.113500E+04
    12625.00     9600.00  0.113468E+04
    12625.00     9625.00  0.113415E+04
    12625.00     9650.00  0.113345E+04
    12625.00     9675.00  0.113269E+04
    12625.00     9700.00  0.113194E+04
    12625.00     9725.00  0.113108E+04
    12625.00     9750.00  0.113007E+04
    12625.00     9775.00  0.112903E+04
    12625.00     9800.00  0.112816E+04
    12625.00     9825.00  0.112753E+04
    12625.00     9850.00  0.112712E+04
    12625.00     9875.00  0.112680E+04
    12625.00     9900.00  0.112639E+04
    12625.00     9925.00  0.112565E+04
    12625.00     9950.00  0.112442E+04
    12625.00     9975.00  0.112292E+04
    12625.00    10000.00  0.112195E+04
    12650.00     9000.00  0.109241E+04
    12650.00     9025.00  0.109203E+04
    12650.00     9050.00  0.109171E+04
    12650.00     9075.00  0.109215E+04
    12650.00     9100.00  0.109366E+04
    12650.00     9125.00  0.109616E+04
    12650.00     9150.00  0.109955E+04
    12650.00     9175.00  0.110372E+04
    12650.00     9200.00  0.110849E+04
    12650.00     9225.00  0.111347E+04
    12650.00     9250.00  0.111808E+04
    12650.00     9275.00  0.112187E+04
    12650.00     9300.00  0.112474E+04
    12650.00     9325.00  0.112691E+04
    12650.00     9350.00  0.112858E+04
    12650.00     9375.00  0.112983E+04
    12650.00     9400.00  0.113072E+04
    12650.00     9425.00  0.113148E+04
    12650.00     9450.00  0.113227E+04
    12650.00     9475.00  0.113309E+04
    12650.00     9500.00  0.113379E+04
    12650.00     9525.00  0.113422E+04
    12650.00     9550.00  0.113436E+04
    12650.00     9575.00  0.113431E+04
    12650.00     9600.00  0.113411E+04
    12650.00     9625.00  0.113364E+04
    12650.00     9650.00  0.113289E+04
    12650.00     9675.00  0.113201E+04
    12650.00     9700.00  0.113112E+04
    12650.00     9725.00  0.113016E+04
    12650.00     9750.00  0.112906E+04
    12650.00     9775.00  0.112794E+04
    12650.00     9800.00  0.112698E+04
    12650.00     9825.00  0.112630E+04
    12650.00     9850.00  0.112584E+04
    12650.00     9875.00  0.112550E+04
    12650.00     9900.00  0.112507E+04
    12650.00     9925.00  0.112435E+04
    12650.00     9950.00  0.112317E+04
    12650.00     9975.00  0.112177E+04
    12650.00    10000.00  0.112090E+04
    12675.00     9000.00  0.109100E+04
    12675.00     9025.00  0.109065E+04
    12675.00     9050.00  0.109048E+04
    12675.00     9075.00  0.109124E+04
    12675.00     9100.00  0.109316E+04
    12675.00     9125.00  0.109603E+04
    12675.00     9150.00  0.109961E+04
    12675.00     9175.00  0.110378E+04
    12675.00     9200.00  0.110839E+04
    12675.00     9225.00  0.111312E+04
    12675.00     9250.00  0.111747E+04
    12675.00     9275.00  0.112104E+04
    12675.00     9300.00  0.112373E+04
    12675.00     9325.00  0.112572E+04
    12675.00     9350.00  0.112722E+04
    12675.00     9375.00  0.112836E+04
    12675.00     9400.00  0.112930E+04
    12675.00     9425.00  0.113024E+04
    12675.00     9450.00  0.113127E+04
    12675.00     9475.00  0.113226E+04
    12675.00     9500.00  0.113299E+04
    12675.00     9525.00  0.113336E+04
    12675.00     9550.00  0.113345E+04
    12675.00     9575.00  0.113341E+04
    12675.00     9600.00  0.113328E+04
    12675.00     9625.00  0.113288E+04
    12675.00     9650.00  0.113215E+04
    12675.00     9675.00  0.113124E+04
    12675.00     9700.00  0.113030E+04
    12675.00     9725.00  0.112930E+04
    12675.00     9750.00  0.112815E+04
    12675.00     9775.00  0.112691E+04
    12675.00     9800.00  0.112578E+04
    12675.00     9825.00  0.112491E+04
    12675.00     9850.00  0.112430E+04
    12675.00     9875.00  0.112383E+04
    12675.00     9900.00  0.112332E+04
    12675.00     9925.00  0.112256E+04
    12675.00     9950.00  0.112143E+04
    12675.00     9975.00  0.112019E+04
    12675.00    10000.00  0.111943E+04
    12700.00     9000.00  0.108999E+04
    12700.00     9025.00  0.108957E+04
    12700.00     9050.00  0.108936E+04
    12700.00     9075.00  0.109025E+04
    12700.00     9100.00  0.109247E+04
    12700.00     9125.00  0.109568E+04
    12700.00     9150.00  0.109949E+04
    12700.00     9175.00  0.110365E+04
    12700.00     9200.00  0.110803E+04
    12700.00     9225.00  0.111240E+04
    12700.00     9250.00  0.111642E+04
    12700.00     9275.00  0.111978E+04
    12700.00     9300.00  0.112237E+04
    12700.00     9325.00  0.112435E+04
    12700.00     9350.00  0.112590E+04
    12700.00     9375.00  0.112715E+04
    12700.00     9400.00  0.112826E+04
    12700.00     9425.00  0.112940E+04
    12700.00     9450.00  0.113061E+04
    12700.00     9475.00  0.113167E+04
    12700.00     9500.00  0.113236E+04
    12700.00     9525.00  0.113263E+04
    12700.00     9550.00  0.113259E+04
    12700.00     9575.00  0.113242E+04
    12700.00     9600.00  0.113221E+04
    12700.00     9625.00  0.113181E+04
    12700.00     9650.00  0.113111E+04
    12700.00     9675.00  0.113021E+04
    12700.00     9700.00  0.112929E+04
    12700.00     9725.00  0.112831E+04
    12700.00     9750.00  0.112718E+04
    12700.00     9775.00  0.112586E+04
    12700.00     9800.00  0.112453E+04
    12700.00     9825.00  0.112340E+04
    12700.00     9850.00  0.112254E+04
    12700.00     9875.00  0.112188E+04
    12700.00     9900.00  0.112122E+04
    12700.00     9925.00  0.112037E+04
    12700.00     9950.00  0.111928E+04
    12700.00     9975.00  0.111817E+04
    12700.00    10000.00  0.111752E+04
    12725.00     9000.00  0.108944E+04
    12725.00     9025.00  0.108881E+04
    12725.00     9050.00  0.108839E+04
    12725.00     9075.00  0.108932E+04
    12725.00     9100.00  0.109181E+04
    12725.00     9125.00  0.109536E+04
    12725.00     9150.00  0.109939E+04
    12725.00     9175.00  0.110355E+04
    12725.00     9200.00  0.110766E+04
    12725.00     9225.00  0.111160E+04
    12725.00     9250.00  0.111520E+04
    12725.00     9275.00  0.111829E+04
    12725.00     9300.00  0.112084E+04
    12725.00     9325.00  0.112297E+04
    12725.00     9350.00  0.112480E+04
    12725.00     9375.00  0.112637E+04
    12725.00     9400.00  0.112773E+04
    12725.00     9425.00  0.112902E+04
    12725.00     9450.00  0.113030E+04
    12725.00     9475.00  0.113137E+04
    12725.00     9500.00  0.113205E+04
    12725.00     9525.00  0.113224E+04
    12725.00     9550.00  0.113205E+04
    12725.00     9575.00  0.113168E+04
    12725.00     9600.00  0.113125E+04
    12725.00     9625.00  0.113069E+04
    12725.00     9650.00  0.112990E+04
    12725.00     9675.00  0.112896E+04
    12725.00     9700.00  0.112802E+04
    12725.00     9725.00  0.112711E+04
    12725.00     9750.00  0.112608E+04
    12725.00     9775.00  0.112482E+04
    12725.00     9800.00  0.112340E+04
    12725.00     9825.00  0.112201E+04
    12725.00     9850.00  0.112084E+04
    12725.00     9875.00  0.111992E+04
    12725.00     9900.00  0.111908E+04
    12725.00     9925.00  0.111813E+04
    12725.00     9950.00  0.111703E+04
    12725.00     9975.00  0.111602E+04
    12725.00    10000.00  0.111545E+04
    12750.00     9000.00  0.108925E+04
    12750.00     9025.00  0.108829E+04
    12750.00     9050.00  0.108754E+04
    12750.00     9075.00  0.108848E+04
    12750.00     9100.00  0.109128E+04
    12750.00     9125.00  0.109522E+04
    12750.00     9150.00  0.109949E+04
    12750.00     9175.00  0.110362E+04
    12750.00     9200.00  0.110744E+04
    12750.00     9225.00  0.111092E+04
    12750.00     9250.00  0.111407E+04
    12750.00     9275.00  0.111690E+04
    12750.00     9300.00  0.111945E+04
    12750.00     9325.00  0.112180E+04
    12750.00     9350.00  0.112398E+04
    12750.00     9375.00  0.112591E+04
    12750.00     9400.00  0.112752E+04
    12750.00     9425.00  0.112893E+04
    12750.00     9450.00  0.113023E+04
    12750.00     9475.00  0.113134E+04
    12750.00     9500.00  0.113204E+04
    12750.00     9525.00  0.113223E+04
    12750.00     9550.00  0.113194E+04
    12750.00     9575.00  0.113134E+04
    12750.00     9600.00  0.113062E+04
    12750.00     9625.00  0.112977E+04
    12750.00     9650.00  0.112874E+04
    12750.00     9675.00  0.112764E+04
    12750.00     9700.00  0.112663E+04
    12750.00     9725.00  0.112578E+04
    12750.00     9750.00  0.112497E+04
    12750.00     9775.00  0.112399E+04
    12750.00     9800.00  0.112267E+04
    12750.00     9825.00  0.112110E+04
    12750.00     9850.00  0.111958E+04
    12750.00     9875.00  0.111834E+04
    12750.00     9900.00  0.111730E+04
    12750.00     9925.00  0.111623E+04
    12750.00     9950.00  0.111509E+04
    12750.00     9975.00  0.111411E+04
    12750.00    10000.00  0.111357E+04
    12775.00     9000.00  0.108877E+04
    12775.00     9025.00  0.108746E+04
    12775.00     9050.00  0.108646E+04
    12775.00     9075.00  0.108754E+04
    12775.00     9100.00  0.109077E+04
    12775.00     9125.00  0.109515E+04
    12775.00     9150.00  0.109970E+04
    12775.00     9175.00  0.110381E+04
    12775.00     9200.00  0.110735E+04
    12775.00     9225.00  0.111039E+04
    12775.00     9250.00  0.111314E+04
    12775.00     9275.00  0.111577E+04
    12775.00     9300.00  0.111838E+04
    12775.00     9325.00  0.112097E+04
    12775.00     9350.00  0.112343E+04
    12775.00     9375.00  0.112559E+04
    12775.00     9400.00  0.112737E+04
    12775.00     9425.00  0.112890E+04
    12775.00     9450.00  0.113030E+04
    12775.00     9475.00  0.113149E+04
    12775.00     9500.00  0.113227E+04
    12775.00     9525.00  0.113248E+04
    12775.00     9550.00  0.113213E+04
    12775.00     9575.00  0.113136E+04
    12775.00     9600.00  0.113035E+04
    12775.00     9625.00  0.112914E+04
    12775.00     9650.00  0.112778E+04
    12775.00     9675.00  0.112643E+04
    12775.00     9700.00  0.112531E+04
    12775.00     9725.00  0.112453E+04
    12775.00     9750.00  0.112400E+04
    12775.00     9775.00  0.112341E+04
    12775.00     9800.00  0.112235E+04
    12775.00     9825.00  0.112072E+04
    12775.00     9850.00  0.111891E+04
    12775.00     9875.00  0.111736E+04
    12775.00     9900.00  0.111608E+04
    12775.00     9925.00  0.111486E+04
    12775.00     9950.00  0.111366E+04
    12775.00     9975.00  0.111265E+04
    12775.00    10000.00  0.111211E+04
    12800.00     9000.00  0.108711E+04
    12800.00     9025.00  0.108574E+04
    12800.00     9050.00  0.108483E+04
    12800.00     9075.00  0.108627E+04
    12800.00     9100.00  0.109001E+04
    12800.00     9125.00  0.109487E+04
    12800.00     9150.00  0.109972E+04
    12800.00     9175.00  0.110389E+04
    12800.00     9200.00  0.110721E+04
    12800.00     9225.00  0.110991E+04
    12800.00     9250.00  0.111234E+04
    12800.00     9275.00  0.111484E+04
    12800.00     9300.00  0.111755E+04
    12800.00     9325.00  0.112039E+04
    12800.00     9350.00  0.112306E+04
    12800.00     9375.00  0.112533E+04
    12800.00     9400.00  0.112720E+04
    12800.00     9425.00  0.112884E+04
    12800.00     9450.00  0.113039E+04
    12800.00     9475.00  0.113175E+04
    12800.00     9500.00  0.113267E+04
    12800.00     9525.00  0.113296E+04
    12800.00     9550.00  0.113259E+04
    12800.00     9575.00  0.113169E+04
    12800.00     9600.00  0.113041E+04
    12800.00     9625.00  0.112884E+04
    12800.00     9650.00  0.112712E+04
    12800.00     9675.00  0.112551E+04
    12800.00     9700.00  0.112428E+04
    12800.00     9725.00  0.112354E+04
    12800.00     9750.00  0.112321E+04
    12800.00     9775.00  0.112290E+04
    12800.00     9800.00  0.112208E+04
    12800.00     9825.00  0.112050E+04
    12800.00     9850.00  0.111856E+04
    12800.00     9875.00  0.111678E+04
    12800.00     9900.00  0.111529E+04
    12800.00     9925.00  0.111394E+04
    12800.00     9950.00  0.111267E+04
    12800.00     9975.00  0.111162E+04
    12800.00    10000.00  0.111106E+04
    12825.00     9000.00  0.108438E+04
    12825.00     9025.00  0.108330E+04
    12825.00     9050.00  0.108279E+04
    12825.00     9075.00  0.108467E+04
    12825.00     9100.00  0.108883E+04
    12825.00     9125.00  0.109411E+04
    12825.00     9150.00  0.109931E+04
    12825.00     9175.00  0.110364E+04
    12825.00     9200.00  0.110692E+04
    12825.00     9225.00  0.110940E+04
    12825.00     9250.00  0.111160E+04
    12825.00     9275.00  0.111398E+04
    12825.00     9300.00  0.111679E+04
    12825.00     9325.00  0.111984E+04
    12825.00     9350.00  0.112269E+04
    12825.00     9375.00  0.112504E+04
    12825.00     9400.00  0.112696E+04
    12825.00     9425.00  0.112870E+04
    12825.00     9450.00  0.113040E+04
    12825.00     9475.00  0.113197E+04
    12825.00     9500.00  0.113311E+04
    12825.00     9525.00  0.113356E+04
    12825.00     9550.00  0.113326E+04
    12825.00     9575.00  0.113228E+04
    12825.00     9600.00  0.113077E+04
    12825.00     9625.00  0.112886E+04
    12825.00     9650.00  0.112681E+04
    12825.00     9675.00  0.112498E+04
    12825.00     9700.00  0.112365E+04
    12825.00     9725.00  0.112289E+04
    12825.00     9750.00  0.112256E+04
    12825.00     9775.00  0.112225E+04
    12825.00     9800.00  0.112145E+04
    12825.00     9825.00  0.111994E+04
    12825.00     9850.00  0.111802E+04
    12825.00     9875.00  0.111620E+04
    12825.00     9900.00  0.111463E+04
    12825.00     9925.00  0.111323E+04
    12825.00     9950.00  0.111194E+04
    12825.00     9975.00  0.111087E+04
    12825.00    10000.00  0.111031E+04
    12850.00     9000.00  0.108174E+04
    12850.00     9025.00  0.108097E+04
    12850.00     9050.00  0.108083E+04
    12850.00     9075.00  0.108293E+04
    12850.00     9100.00  0.108730E+04
    12850.00     9125.00  0.109290E+04
    12850.00     9150.00  0.109850E+04
    12850.00     9175.00  0.110316E+04
    12850.00     9200.00  0.110655E+04
    12850.00     9225.00  0.110893E+04
    12850.00     9250.00  0.111091E+04
    12850.00     9275.00  0.111313E+04
    12850.00     9300.00  0.111591E+04
    12850.00     9325.00  0.111906E+04
    12850.00     9350.00  0.112204E+04
    12850.00     9375.00  0.112450E+04
    12850.00     9400.00  0.112652E+04
    12850.00     9425.00  0.112836E+04
    12850.00     9450.00  0.113019E+04
    12850.00     9475.00  0.113192E+04
    12850.00     9500.00  0.113328E+04
    12850.00     9525.00  0.113395E+04
    12850.00     9550.00  0.113380E+04
    12850.00     9575.00  0.113284E+04
    12850.00     9600.00  0.113118E+04
    12850.00     9625.00  0.112902E+04
    12850.00     9650.00  0.112673E+04
    12850.00     9675.00  0.112475E+04
    12850.00     9700.00  0.112335E+04
    12850.00     9725.00  0.112252E+04
    12850.00     9750.00  0.112201E+04
    12850.00     9775.00  0.112144E+04
    12850.00     9800.00  0.112045E+04
    12850.00     9825.00  0.111893E+04
    12850.00     9850.00  0.111714E+04
    12850.00     9875.00  0.111544E+04
    12850.00     9900.00  0.111395E+04
    12850.00     9925.00  0.111260E+04
    12850.00     9950.00  0.111135E+04
    12850.00     9975.00  0.111032E+04
    12850.00    10000.00  0.110977E+04
    12875.00     9000.00  0.108004E+04
    12875.00     9025.00  0.107940E+04
    12875.00     9050.00  0.107928E+04
    12875.00     9075.00  0.108123E+04
    12875.00     9100.00  0.108558E+04
    12875.00     9125.00  0.109147E+04
    12875.00     9150.00  0.109755E+04
    12875.00     9175.00  0.110264E+04
    12875.00     9200.00  0.110624E+04
    12875.00     9225.00  0.110857E+04
    12875.00     9250.00  0.111033E+04
    12875.00     9275.00  0.111228E+04
    12875.00     9300.00  0.111484E+04
    12875.00     9325.00  0.111791E+04
    12875.00     9350.00  0.112096E+04
    12875.00     9375.00  0.112357E+04
    12875.00     9400.00  0.112575E+04
    12875.00     9425.00  0.112770E+04
    12875.00     9450.00  0.112957E+04
    12875.00     9475.00  0.113136E+04
    12875.00     9500.00  0.113283E+04
    12875.00     9525.00  0.113369E+04
    12875.00     9550.00  0.113372E+04
    12875.00     9575.00  0.113288E+04
    12875.00     9600.00  0.113124E+04
    12875.00     9625.00  0.112900E+04
    12875.00     9650.00  0.112662E+04
    12875.00     9675.00  0.112461E+04
    12875.00     9700.00  0.112319E+04
    12875.00     9725.00  0.112226E+04
    12875.00     9750.00  0.112151E+04
    12875.00     9775.00  0.112062E+04
    12875.00     9800.00  0.111939E+04
    12875.00     9825.00  0.111783E+04
    12875.00     9850.00  0.111617E+04
    12875.00     9875.00  0.111464E+04
    12875.00     9900.00  0.111329E+04
    12875.00     9925.00  0.111205E+04
    12875.00     9950.00  0.111088E+04
    12875.00     9975.00  0.110990E+04
    12875.00    10000.00  0.110937E+04
    12900.00     9000.00  0.107989E+04
    12900.00     9025.00  0.107915E+04
    12900.00     9050.00  0.107859E+04
    12900.00     9075.00  0.107995E+04
    12900.00     9100.00  0.108396E+04
    12900.00     9125.00  0.109002E+04
    12900.00     9150.00  0.109659E+04
    12900.00     9175.00  0.110216E+04
    12900.00     9200.00  0.110599E+04
    12900.00     9225.00  0.110829E+04
    12900.00     9250.00  0.110983E+04
    12900.00     9275.00  0.111145E+04
    12900.00     9300.00  0.111368E+04
    12900.00     9325.00  0.111652E+04
    12900.00     9350.00  0.111951E+04
    12900.00     9375.00  0.112222E+04
    12900.00     9400.00  0.112454E+04
    12900.00     9425.00  0.112657E+04
    12900.00     9450.00  0.112842E+04
    12900.00     9475.00  0.113013E+04
    12900.00     9500.00  0.113159E+04
    12900.00     9525.00  0.113251E+04
    12900.00     9550.00  0.113269E+04
    12900.00     9575.00  0.113205E+04
    12900.00     9600.00  0.113061E+04
    12900.00     9625.00  0.112855E+04
    12900.00     9650.00  0.112632E+04
    12900.00     9675.00  0.112442E+04
    12900.00     9700.00  0.112303E+04
    12900.00     9725.00  0.112200E+04
    12900.00     9750.00  0.112104E+04
    12900.00     9775.00  0.111991E+04
    12900.00     9800.00  0.111853E+04
    12900.00     9825.00  0.111697E+04
    12900.00     9850.00  0.111540E+04
    12900.00     9875.00  0.111398E+04
    12900.00     9900.00  0.111274E+04
    12900.00     9925.00  0.111159E+04
    12900.00     9950.00  0.111048E+04
    12900.00     9975.00  0.110952E+04
    12900.00    10000.00  0.110900E+04
    12925.00     9000.00  0.108245E+04
    12925.00     9025.00  0.108133E+04
    12925.00     9050.00  0.107979E+04
    12925.00     9075.00  0.107984E+04
    12925.00     9100.00  0.108283E+04
    12925.00     9125.00  0.108856E+04
    12925.00     9150.00  0.109540E+04
    12925.00     9175.00  0.110142E+04
    12925.00     9200.00  0.110555E+04
    12925.00     9225.00  0.110794E+04
    12925.00     9250.00  0.110938E+04
    12925.00     9275.00  0.111074E+04
    12925.00     9300.00  0.111264E+04
    12925.00     9325.00  0.111517E+04
    12925.00     9350.00  0.111796E+04
    12925.00     9375.00  0.112060E+04
    12925.00     9400.00  0.112294E+04
    12925.00     9425.00  0.112496E+04
    12925.00     9450.00  0.112672E+04
    12925.00     9475.00  0.112830E+04
    12925.00     9500.00  0.112965E+04
    12925.00     9525.00  0.113055E+04
    12925.00     9550.00  0.113084E+04
    12925.00     9575.00  0.113045E+04
    12925.00     9600.00  0.112937E+04
    12925.00     9625.00  0.112770E+04
    12925.00     9650.00  0.112582E+04
    12925.00     9675.00  0.112414E+04
    12925.00     9700.00  0.112281E+04
    12925.00     9725.00  0.112168E+04
    12925.00     9750.00  0.112057E+04
    12925.00     9775.00  0.111933E+04
    12925.00     9800.00  0.111792E+04
    12925.00     9825.00  0.111638E+04
    12925.00     9850.00  0.111486E+04
    12925.00     9875.00  0.111347E+04
    12925.00     9900.00  0.111223E+04
    12925.00     9925.00  0.111111E+04
    12925.00     9950.00  0.111002E+04
    12925.00     9975.00  0.110906E+04
    12925.00    10000.00  0.110853E+04
    12950.00     9000.00  0.108843E+04
    12950.00     9025.00  0.108660E+04
    12950.00     9050.00  0.108350E+04
    12950.00     9075.00  0.108140E+04
    12950.00     9100.00  0.108237E+04
    12950.00     9125.00  0.108689E+04
    12950.00     9150.00  0.109352E+04
    12950.00     9175.00  0.109997E+04
    12950.00     9200.00  0.110467E+04
    12950.00     9225.00  0.110746E+04
    12950.00     9250.00  0.110903E+04
    12950.00     9275.00  0.111028E+04
    12950.00     9300.00  0.111187E+04
    12950.00     9325.00  0.111403E+04
    12950.00     9350.00  0.111652E+04
    12950.00     9375.00  0.111896E+04
    12950.00     9400.00  0.112116E+04
    12950.00     9425.00  0.112308E+04
    12950.00     9450.00  0.112474E+04
    12950.00     9475.00  0.112620E+04
    12950.00     9500.00  0.112742E+04
    12950.00     9525.00  0.112825E+04
    12950.00     9550.00  0.112861E+04
    12950.00     9575.00  0.112850E+04
    12950.00     9600.00  0.112789E+04
    12950.00     9625.00  0.112675E+04
    12950.00     9650.00  0.112527E+04
    12950.00     9675.00  0.112377E+04
    12950.00     9700.00  0.112245E+04
    12950.00     9725.00  0.112124E+04
    12950.00     9750.00  0.112005E+04
    12950.00     9775.00  0.111879E+04
    12950.00     9800.00  0.111743E+04
    12950.00     9825.00  0.111594E+04
    12950.00     9850.00  0.111442E+04
    12950.00     9875.00  0.111298E+04
    12950.00     9900.00  0.111169E+04
    12950.00     9925.00  0.111053E+04
    12950.00     9950.00  0.110941E+04
    12950.00     9975.00  0.110842E+04
    12950.00    10000.00  0.110786E+04
    12975.00     9000.00  0.109621E+04
    12975.00     9025.00  0.109344E+04
    12975.00     9050.00  0.108852E+04
    12975.00     9075.00  0.108389E+04
    12975.00     9100.00  0.108217E+04
    12975.00     9125.00  0.108476E+04
    12975.00     9150.00  0.109077E+04
    12975.00     9175.00  0.109770E+04
    12975.00     9200.00  0.110333E+04
    12975.00     9225.00  0.110687E+04
    12975.00     9250.00  0.110879E+04
    12975.00     9275.00  0.111002E+04
    12975.00     9300.00  0.111132E+04
    12975.00     9325.00  0.111308E+04
    12975.00     9350.00  0.111519E+04
    12975.00     9375.00  0.111734E+04
    12975.00     9400.00  0.111935E+04
    12975.00     9425.00  0.112117E+04
    12975.00     9450.00  0.112279E+04
    12975.00     9475.00  0.112421E+04
    12975.00     9500.00  0.112534E+04
    12975.00     9525.00  0.112603E+04
    12975.00     9550.00  0.112638E+04
    12975.00     9575.00  0.112658E+04
    12975.00     9600.00  0.112654E+04
    12975.00     9625.00  0.112593E+04
    12975.00     9650.00  0.112474E+04
    12975.00     9675.00  0.112330E+04
    12975.00     9700.00  0.112191E+04
    12975.00     9725.00  0.112062E+04
    12975.00     9750.00  0.111940E+04
    12975.00     9775.00  0.111819E+04
    12975.00     9800.00  0.111691E+04
    12975.00     9825.00  0.111551E+04
    12975.00     9850.00  0.111400E+04
    12975.00     9875.00  0.111251E+04
    12975.00     9900.00  0.111113E+04
    12975.00     9925.00  0.110988E+04
    12975.00     9950.00  0.110870E+04
    12975.00     9975.00  0.110763E+04
    12975.00    10000.00  0.110702E+04
    13000.00     9000.00  0.110221E+04
    13000.00     9025.00  0.109868E+04
    13000.00     9050.00  0.109229E+04
    13000.00     9075.00  0.108558E+04
    13000.00     9100.00  0.108155E+04
    13000.00     9125.00  0.108232E+04
    13000.00     9150.00  0.108768E+04
    13000.00     9175.00  0.109511E+04
    13000.00     9200.00  0.110176E+04
    13000.00     9225.00  0.110615E+04
    13000.00     9250.00  0.110847E+04
    13000.00     9275.00  0.110968E+04
    13000.00     9300.00  0.111073E+04
    13000.00     9325.00  0.111209E+04
    13000.00     9350.00  0.111378E+04
    13000.00     9375.00  0.111560E+04
    13000.00     9400.00  0.111742E+04
    13000.00     9425.00  0.111919E+04
    13000.00     9450.00  0.112093E+04
    13000.00     9475.00  0.112250E+04
    13000.00     9500.00  0.112364E+04
    13000.00     9525.00  0.112417E+04
    13000.00     9550.00  0.112442E+04
    13000.00     9575.00  0.112487E+04
    13000.00     9600.00  0.112535E+04
    13000.00     9625.00  0.112519E+04
    13000.00     9650.00  0.112415E+04
    13000.00     9675.00  0.112267E+04
    13000.00     9700.00  0.112119E+04
    13000.00     9725.00  0.111985E+04
    13000.00     9750.00  0.111863E+04
    13000.00     9775.00  0.111747E+04
    13000.00     9800.00  0.111630E+04
    13000.00     9825.00  0.111502E+04
    13000.00     9850.00  0.111362E+04
    13000.00     9875.00  0.111212E+04
    13000.00     9900.00  0.111066E+04
    13000.00     9925.00  0.110930E+04
    13000.00     9950.00  0.110801E+04
    13000.00     9975.00  0.110687E+04
    13000.00    10000.00  0.110620E+04
    13025.00     9000.00  0.110417E+04
    13025.00     9025.00  0.110030E+04
    13025.00     9050.00  0.109317E+04
    13025.00     9075.00  0.108541E+04
    13025.00     9100.00  0.108021E+04
    13025.00     9125.00  0.108004E+04
    13025.00     9150.00  0.108507E+04
    13025.00     9175.00  0.109288E+04
    13025.00     9200.00  0.110026E+04
    13025.00     9225.00  0.110525E+04
    13025.00     9250.00  0.110781E+04
    13025.00     9275.00  0.110900E+04
    13025.00     9300.00  0.110986E+04
    13025.00     9325.00  0.111091E+04
    13025.00     9350.00  0.111223E+04
    13025.00     9375.00  0.111369E+04
    13025.00     9400.00  0.111530E+04
    13025.00     9425.00  0.111707E+04
    13025.00     9450.00  0.111902E+04
    13025.00     9475.00  0.112090E+04
    13025.00     9500.00  0.112221E+04
    13025.00     9525.00  0.112267E+04
    13025.00     9550.00  0.112283E+04
    13025.00     9575.00  0.112339E+04
    13025.00     9600.00  0.112415E+04
    13025.00     9625.00  0.112419E+04
    13025.00     9650.00  0.112323E+04
    13025.00     9675.00  0.112176E+04
    13025.00     9700.00  0.112029E+04
    13025.00     9725.00  0.111897E+04
    13025.00     9750.00  0.111777E+04
    13025.00     9775.00  0.111665E+04
    13025.00     9800.00  0.111556E+04
    13025.00     9825.00  0.111446E+04
    13025.00     9850.00  0.111323E+04
    13025.00     9875.00  0.111184E+04
    13025.00     9900.00  0.111035E+04
    13025.00     9925.00  0.110889E+04
    13025.00     9950.00  0.110748E+04
    13025.00     9975.00  0.110624E+04
    13025.00    10000.00  0.110554E+04
    13050.00     9000.00  0.110305E+04
    13050.00     9025.00  0.109911E+04
    13050.00     9050.00  0.109171E+04
    13050.00     9075.00  0.108372E+04
    13050.00     9100.00  0.107838E+04
    13050.00     9125.00  0.107815E+04
    13050.00     9150.00  0.108319E+04
    13050.00     9175.00  0.109118E+04
    13050.00     9200.00  0.109885E+04
    13050.00     9225.00  0.110408E+04
    13050.00     9250.00  0.110674E+04
    13050.00     9275.00  0.110791E+04
    13050.00     9300.00  0.110868E+04
    13050.00     9325.00  0.110960E+04
    13050.00     9350.00  0.111071E+04
    13050.00     9375.00  0.111190E+04
    13050.00     9400.00  0.111325E+04
    13050.00     9425.00  0.111492E+04
    13050.00     9450.00  0.111696E+04
    13050.00     9475.00  0.111909E+04
    13050.00     9500.00  0.112066E+04
    13050.00     9525.00  0.112128E+04
    13050.00     9550.00  0.112151E+04
    13050.00     9575.00  0.112208E+04
    13050.00     9600.00  0.112272E+04
    13050.00     9625.00  0.112269E+04
    13050.00     9650.00  0.112179E+04
    13050.00     9675.00  0.112052E+04
    13050.00     9700.00  0.111926E+04
    13050.00     9725.00  0.111807E+04
    13050.00     9750.00  0.111691E+04
    13050.00     9775.00  0.111576E+04
    13050.00     9800.00  0.111471E+04
    13050.00     9825.00  0.111376E+04
    13050.00     9850.00  0.111274E+04
    13050.00     9875.00  0.111152E+04
    13050.00     9900.00  0.111009E+04
    13050.00     9925.00  0.110858E+04
    13050.00     9950.00  0.110708E+04
    13050.00     9975.00  0.110576E+04
    13050.00    10000.00  0.110503E+04
    13075.00     9000.00  0.110134E+04
    13075.00     9025.00  0.109724E+04
    13075.00     9050.00  0.108956E+04
    13075.00     9075.00  0.108151E+04
    13075.00     9100.00  0.107648E+04
    13075.00     9125.00  0.107658E+04
    13075.00     9150.00  0.108167E+04
    13075.00     9175.00  0.108951E+04
    13075.00     9200.00  0.109709E+04
    13075.00     9225.00  0.110242E+04
    13075.00     9250.00  0.110527E+04
    13075.00     9275.00  0.110659E+04
    13075.00     9300.00  0.110743E+04
    13075.00     9325.00  0.110836E+04
    13075.00     9350.00  0.110945E+04
    13075.00     9375.00  0.111051E+04
    13075.00     9400.00  0.111160E+04
    13075.00     9425.00  0.111298E+04
    13075.00     9450.00  0.111481E+04
    13075.00     9475.00  0.111690E+04
    13075.00     9500.00  0.111863E+04
    13075.00     9525.00  0.111960E+04
    13075.00     9550.00  0.112015E+04
    13075.00     9575.00  0.112072E+04
    13075.00     9600.00  0.112107E+04
    13075.00     9625.00  0.112078E+04
    13075.00     9650.00  0.111999E+04
    13075.00     9675.00  0.111910E+04
    13075.00     9700.00  0.111824E+04
    13075.00     9725.00  0.111729E+04
    13075.00     9750.00  0.111616E+04
    13075.00     9775.00  0.111494E+04
    13075.00     9800.00  0.111383E+04
    13075.00     9825.00  0.111294E+04
    13075.00     9850.00  0.111209E+04
    13075.00     9875.00  0.111106E+04
    13075.00     9900.00  0.110974E+04
    13075.00     9925.00  0.110824E+04
    13075.00     9950.00  0.110668E+04
    13075.00     9975.00  0.110531E+04
    13075.00    10000.00  0.110456E+04
    13100.00     9000.00  0.110027E+04
    13100.00     9025.00  0.109577E+04
    13100.00     9050.00  0.108758E+04
    13100.00     9075.00  0.107942E+04
    13100.00     9100.00  0.107474E+04
    13100.00     9125.00  0.107513E+04
    13100.00     9150.00  0.108003E+04
    13100.00     9175.00  0.108731E+04
    13100.00     9200.00  0.109453E+04
    13100.00     9225.00  0.110004E+04
    13100.00     9250.00  0.110344E+04
    13100.00     9275.00  0.110526E+04
    13100.00     9300.00  0.110637E+04
    13100.00     9325.00  0.110743E+04
    13100.00     9350.00  0.110856E+04
    13100.00     9375.00  0.110958E+04
    13100.00     9400.00  0.111045E+04
    13100.00     9425.00  0.111143E+04
    13100.00     9450.00  0.111278E+04
    13100.00     9475.00  0.111450E+04
    13100.00     9500.00  0.111622E+04
    13100.00     9525.00  0.111756E+04
    13100.00     9550.00  0.111852E+04
    13100.00     9575.00  0.111917E+04
    13100.00     9600.00  0.111930E+04
    13100.00     9625.00  0.111883E+04
    13100.00     9650.00  0.111821E+04
    13100.00     9675.00  0.111776E+04
    13100.00     9700.00  0.111736E+04
    13100.00     9725.00  0.111670E+04
    13100.00     9750.00  0.111563E+04
    13100.00     9775.00  0.111432E+04
    13100.00     9800.00  0.111310E+04
    13100.00     9825.00  0.111218E+04
    13100.00     9850.00  0.111142E+04
    13100.00     9875.00  0.111051E+04
    13100.00     9900.00  0.110929E+04
    13100.00     9925.00  0.110781E+04
    13100.00     9950.00  0.110620E+04
    13100.00     9975.00  0.110479E+04
    13100.00    10000.00  0.110402E+04
    13125.00     9000.00  0.109894E+04
    13125.00     9025.00  0.109402E+04
    13125.00     9050.00  0.108545E+04
    13125.00     9075.00  0.107740E+04
    13125.00     9100.00  0.107318E+04
    13125.00     9125.00  0.107378E+04
    13125.00     9150.00  0.107819E+04
    13125.00     9175.00  0.108455E+04
    13125.00     9200.00  0.109121E+04
    13125.00     9225.00  0.109703E+04
    13125.00     9250.00  0.110132E+04
    13125.00     9275.00  0.110399E+04
    13125.00     9300.00  0.110560E+04
    13125.00     9325.00  0.110685E+04
    13125.00     9350.00  0.110802E+04
    13125.00     9375.00  0.110900E+04
    13125.00     9400.00  0.110972E+04
    13125.00     9425.00  0.111033E+04
    13125.00     9450.00  0.111115E+04
    13125.00     9475.00  0.111239E+04
    13125.00     9500.00  0.111394E+04
    13125.00     9525.00  0.111547E+04
    13125.00     9550.00  0.111672E+04
    13125.00     9575.00  0.111745E+04
    13125.00     9600.00  0.111753E+04
    13125.00     9625.00  0.111713E+04
    13125.00     9650.00  0.111674E+04
    13125.00     9675.00  0.111663E+04
    13125.00     9700.00  0.111657E+04
    13125.00     9725.00  0.111617E+04
    13125.00     9750.00  0.111522E+04
    13125.00     9775.00  0.111389E+04
    13125.00     9800.00  0.111258E+04
    13125.00     9825.00  0.111159E+04
    13125.00     9850.00  0.111083E+04
    13125.00     9875.00  0.110998E+04
    13125.00     9900.00  0.110881E+04
    13125.00     9925.00  0.110729E+04
    13125.00     9950.00  0.110561E+04
    13125.00     9975.00  0.110414E+04
    13125.00    10000.00  0.110334E+04
    13150.00     9000.00  0.109576E+04
    13150.00     9025.00  0.109087E+04
    13150.00     9050.00  0.108262E+04
    13150.00     9075.00  0.107528E+04
    13150.00     9100.00  0.107180E+04
    13150.00     9125.00  0.107259E+04
    13150.00     9150.00  0.107636E+04
    13150.00     9175.00  0.108169E+04
    13150.00     9200.00  0.108772E+04
    13150.00     9225.00  0.109382E+04
    13150.00     9250.00  0.109903E+04
    13150.00     9275.00  0.110265E+04
    13150.00     9300.00  0.110487E+04
    13150.00     9325.00  0.110637E+04
    13150.00     9350.00  0.110756E+04
    13150.00     9375.00  0.110851E+04
    13150.00     9400.00  0.110918E+04
    13150.00     9425.00  0.110962E+04
    13150.00     9450.00  0.111009E+04
    13150.00     9475.00  0.111090E+04
    13150.00     9500.00  0.111214E+04
    13150.00     9525.00  0.111359E+04
    13150.00     9550.00  0.111485E+04
    13150.00     9575.00  0.111561E+04
    13150.00     9600.00  0.111582E+04
    13150.00     9625.00  0.111569E+04
    13150.00     9650.00  0.111558E+04
    13150.00     9675.00  0.111567E+04
    13150.00     9700.00  0.111576E+04
    13150.00     9725.00  0.111550E+04
    13150.00     9750.00  0.111467E+04
    13150.00     9775.00  0.111339E+04
    13150.00     9800.00  0.111207E+04
    13150.00     9825.00  0.111105E+04
    13150.00     9850.00  0.111029E+04
    13150.00     9875.00  0.110946E+04
    13150.00     9900.00  0.110828E+04
    13150.00     9925.00  0.110670E+04
    13150.00     9950.00  0.110492E+04
    13150.00     9975.00  0.110336E+04
    13150.00    10000.00  0.110253E+04
    13175.00     9000.00  0.109131E+04
    13175.00     9025.00  0.108690E+04
    13175.00     9050.00  0.107954E+04
    13175.00     9075.00  0.107330E+04
    13175.00     9100.00  0.107062E+04
    13175.00     9125.00  0.107152E+04
    13175.00     9150.00  0.107472E+04
    13175.00     9175.00  0.107919E+04
    13175.00     9200.00  0.108466E+04
    13175.00     9225.00  0.109087E+04
    13175.00     9250.00  0.109673E+04
    13175.00     9275.00  0.110114E+04
    13175.00     9300.00  0.110394E+04
    13175.00     9325.00  0.110570E+04
    13175.00     9350.00  0.110694E+04
    13175.00     9375.00  0.110791E+04
    13175.00     9400.00  0.110862E+04
    13175.00     9425.00  0.110907E+04
    13175.00     9450.00  0.110940E+04
    13175.00     9475.00  0.110989E+04
    13175.00     9500.00  0.111074E+04
    13175.00     9525.00  0.111186E+04
    13175.00     9550.00  0.111292E+04
    13175.00     9575.00  0.111367E+04
    13175.00     9600.00  0.111411E+04
    13175.00     9625.00  0.111438E+04
    13175.00     9650.00  0.111458E+04
    13175.00     9675.00  0.111478E+04
    13175.00     9700.00  0.111488E+04
    13175.00     9725.00  0.111463E+04
    13175.00     9750.00  0.111383E+04
    13175.00     9775.00  0.111262E+04
    13175.00     9800.00  0.111136E+04
    13175.00     9825.00  0.111038E+04
    13175.00     9850.00  0.110964E+04
    13175.00     9875.00  0.110883E+04
    13175.00     9900.00  0.110762E+04
    13175.00     9925.00  0.110597E+04
    13175.00     9950.00  0.110410E+04
    13175.00     9975.00  0.110248E+04
    13175.00    10000.00  0.110162E+04
    13200.00     9000.00  0.108846E+04
    13200.00     9025.00  0.108440E+04
    13200.00     9050.00  0.107761E+04
    13200.00     9075.00  0.107196E+04
    13200.00     9100.00  0.106960E+04
    13200.00     9125.00  0.107039E+04
    13200.00     9150.00  0.107318E+04
    13200.00     9175.00  0.107715E+04
    13200.00     9200.00  0.108228E+04
    13200.00     9225.00  0.108843E+04
    13200.00     9250.00  0.109460E+04
    13200.00     9275.00  0.109953E+04
    13200.00     9300.00  0.110281E+04
    13200.00     9325.00  0.110484E+04
    13200.00     9350.00  0.110619E+04
    13200.00     9375.00  0.110722E+04
    13200.00     9400.00  0.110801E+04
    13200.00     9425.00  0.110852E+04
    13200.00     9450.00  0.110880E+04
    13200.00     9475.00  0.110908E+04
    13200.00     9500.00  0.110955E+04
    13200.00     9525.00  0.111026E+04
    13200.00     9550.00  0.111103E+04
    13200.00     9575.00  0.111174E+04
    13200.00     9600.00  0.111240E+04
    13200.00     9625.00  0.111301E+04
    13200.00     9650.00  0.111350E+04
    13200.00     9675.00  0.111382E+04
    13200.00     9700.00  0.111391E+04
    13200.00     9725.00  0.111360E+04
    13200.00     9750.00  0.111280E+04
    13200.00     9775.00  0.111165E+04
    13200.00     9800.00  0.111048E+04
    13200.00     9825.00  0.110955E+04
    13200.00     9850.00  0.110881E+04
    13200.00     9875.00  0.110796E+04
    13200.00     9900.00  0.110670E+04
    13200.00     9925.00  0.110499E+04
    13200.00     9950.00  0.110311E+04
    13200.00     9975.00  0.110149E+04
    13200.00    10000.00  0.110064E+04
    13225.00     9000.00  0.108891E+04
    13225.00     9025.00  0.108464E+04
    13225.00     9050.00  0.107753E+04
    13225.00     9075.00  0.107145E+04
    13225.00     9100.00  0.106864E+04
    13225.00     9125.00  0.106903E+04
    13225.00     9150.00  0.107154E+04
    13225.00     9175.00  0.107537E+04
    13225.00     9200.00  0.108043E+04
    13225.00     9225.00  0.108653E+04
    13225.00     9250.00  0.109278E+04
    13225.00     9275.00  0.109801E+04
    13225.00     9300.00  0.110164E+04
    13225.00     9325.00  0.110393E+04
    13225.00     9350.00  0.110545E+04
    13225.00     9375.00  0.110657E+04
    13225.00     9400.00  0.110740E+04
    13225.00     9425.00  0.110793E+04
    13225.00     9450.00  0.110818E+04
    13225.00     9475.00  0.110832E+04
    13225.00     9500.00  0.110854E+04
    13225.00     9525.00  0.110893E+04
    13225.00     9550.00  0.110947E+04
    13225.00     9575.00  0.111009E+04
    13225.00     9600.00  0.111082E+04
    13225.00     9625.00  0.111160E+04
    13225.00     9650.00  0.111227E+04
    13225.00     9675.00  0.111273E+04
    13225.00     9700.00  0.111287E+04
    13225.00     9725.00  0.111255E+04
    13225.00     9750.00  0.111177E+04
    13225.00     9775.00  0.111069E+04
    13225.00     9800.00  0.110960E+04
    13225.00     9825.00  0.110868E+04
    13225.00     9850.00  0.110786E+04
    13225.00     9875.00  0.110687E+04
    13225.00     9900.00  0.110551E+04
    13225.00     9925.00  0.110379E+04
    13225.00     9950.00  0.110199E+04
    13225.00     9975.00  0.110051E+04
    13225.00    10000.00  0.109974E+04
    13250.00     9000.00  0.109130E+04
    13250.00     9025.00  0.108654E+04
    13250.00     9050.00  0.107861E+04
    13250.00     9075.00  0.107155E+04
    13250.00     9100.00  0.106779E+04
    13250.00     9125.00  0.106751E+04
    13250.00     9150.00  0.106976E+04
    13250.00     9175.00  0.107366E+04
    13250.00     9200.00  0.107881E+04
    13250.00     9225.00  0.108492E+04
    13250.00     9250.00  0.109119E+04
    13250.00     9275.00  0.109654E+04
    13250.00     9300.00  0.110039E+04
    13250.00     9325.00  0.110290E+04
    13250.00     9350.00  0.110461E+04
    13250.00     9375.00  0.110584E+04
    13250.00     9400.00  0.110670E+04
    13250.00     9425.00  0.110721E+04
    13250.00     9450.00  0.110746E+04
    13250.00     9475.00  0.110758E+04
    13250.00     9500.00  0.110771E+04
    13250.00     9525.00  0.110796E+04
    13250.00     9550.00  0.110835E+04
    13250.00     9575.00  0.110887E+04
    13250.00     9600.00  0.110953E+04
    13250.00     9625.00  0.111030E+04
    13250.00     9650.00  0.111105E+04
    13250.00     9675.00  0.111163E+04
    13250.00     9700.00  0.111185E+04
    13250.00     9725.00  0.111158E+04
    13250.00     9750.00  0.111085E+04
    13250.00     9775.00  0.110986E+04
    13250.00     9800.00  0.110884E+04
    13250.00     9825.00  0.110787E+04
    13250.00     9850.00  0.110689E+04
    13250.00     9875.00  0.110572E+04
    13250.00     9900.00  0.110426E+04
    13250.00     9925.00  0.110258E+04
    13250.00     9950.00  0.110096E+04
    13250.00     9975.00  0.109970E+04
    13250.00    10000.00  0.109908E+04
    13275.00     9000.00  0.109304E+04
    13275.00     9025.00  0.108811E+04
    13275.00     9050.00  0.107983E+04
    13275.00     9075.00  0.107210E+04
    13275.00     9100.00  0.106740E+04
    13275.00     9125.00  0.106629E+04
    13275.00     9150.00  0.106811E+04
    13275.00     9175.00  0.107195E+04
    13275.00     9200.00  0.107715E+04
    13275.00     9225.00  0.108318E+04
    13275.00     9250.00  0.108932E+04
    13275.00     9275.00  0.109465E+04
    13275.00     9300.00  0.109862E+04
    13275.00     9325.00  0.110136E+04
    13275.00     9350.00  0.110329E+04
    13275.00     9375.00  0.110468E+04
    13275.00     9400.00  0.110561E+04
    13275.00     9425.00  0.110617E+04
    13275.00     9450.00  0.110649E+04
    13275.00     9475.00  0.110670E+04
    13275.00     9500.00  0.110692E+04
    13275.00     9525.00  0.110721E+04
    13275.00     9550.00  0.110759E+04
    13275.00     9575.00  0.110806E+04
    13275.00     9600.00  0.110863E+04
    13275.00     9625.00  0.110930E+04
    13275.00     9650.00  0.111002E+04
    13275.00     9675.00  0.111063E+04
    13275.00     9700.00  0.111091E+04
    13275.00     9725.00  0.111068E+04
    13275.00     9750.00  0.111002E+04
    13275.00     9775.00  0.110912E+04
    13275.00     9800.00  0.110815E+04
    13275.00     9825.00  0.110713E+04
    13275.00     9850.00  0.110600E+04
    13275.00     9875.00  0.110467E+04
    13275.00     9900.00  0.110316E+04
    13275.00     9925.00  0.110158E+04
    13275.00     9950.00  0.110019E+04
    13275.00     9975.00  0.109918E+04
    13275.00    10000.00  0.109871E+04
    13300.00     9000.00  0.109268E+04
    13300.00     9025.00  0.108830E+04
    13300.00     9050.00  0.108075E+04
    13300.00     9075.00  0.107329E+04
    13300.00     9100.00  0.106814E+04
    13300.00     9125.00  0.106613E+04
    13300.00     9150.00  0.106711E+04
    13300.00     9175.00  0.107037E+04
    13300.00     9200.00  0.107514E+04
    13300.00     9225.00  0.108074E+04
    13300.00     9250.00  0.108652E+04
    13300.00     9275.00  0.109170E+04
    13300.00     9300.00  0.109576E+04
    13300.00     9325.00  0.109873E+04
    13300.00     9350.00  0.110091E+04
    13300.00     9375.00  0.110251E+04
    13300.00     9400.00  0.110365E+04
    13300.00     9425.00  0.110444E+04
    13300.00     9450.00  0.110497E+04
    13300.00     9475.00  0.110537E+04
    13300.00     9500.00  0.110579E+04
    13300.00     9525.00  0.110631E+04
    13300.00     9550.00  0.110691E+04
    13300.00     9575.00  0.110749E+04
    13300.00     9600.00  0.110802E+04
    13300.00     9625.00  0.110858E+04
    13300.00     9650.00  0.110917E+04
    13300.00     9675.00  0.110970E+04
    13300.00     9700.00  0.110993E+04
    13300.00     9725.00  0.110972E+04
    13300.00     9750.00  0.110914E+04
    13300.00     9775.00  0.110837E+04
    13300.00     9800.00  0.110749E+04
    13300.00     9825.00  0.110647E+04
    13300.00     9850.00  0.110524E+04
    13300.00     9875.00  0.110382E+04
    13300.00     9900.00  0.110230E+04
    13300.00     9925.00  0.110084E+04
    13300.00     9950.00  0.109964E+04
    13300.00     9975.00  0.109883E+04
    13300.00    10000.00  0.109847E+04
    13325.00     9000.00  0.109059E+04
    13325.00     9025.00  0.108734E+04
    13325.00     9050.00  0.108152E+04
    13325.00     9075.00  0.107534E+04
    13325.00     9100.00  0.107039E+04
    13325.00     9125.00  0.106757E+04
    13325.00     9150.00  0.106720E+04
    13325.00     9175.00  0.106905E+04
    13325.00     9200.00  0.107259E+04
    13325.00     9225.00  0.107726E+04
    13325.00     9250.00  0.108244E+04
    13325.00     9275.00  0.108731E+04
    13325.00     9300.00  0.109130E+04
    13325.00     9325.00  0.109434E+04
    13325.00     9350.00  0.109668E+04
    13325.00     9375.00  0.109853E+04
    13325.00     9400.00  0.110005E+04
    13325.00     9425.00  0.110131E+04
    13325.00     9450.00  0.110224E+04
    13325.00     9475.00  0.110292E+04
    13325.00     9500.00  0.110364E+04
    13325.00     9525.00  0.110464E+04
    13325.00     9550.00  0.110578E+04
    13325.00     9575.00  0.110676E+04
    13325.00     9600.00  0.110745E+04
    13325.00     9625.00  0.110795E+04
    13325.00     9650.00  0.110837E+04
    13325.00     9675.00  0.110871E+04
    13325.00     9700.00  0.110881E+04
    13325.00     9725.00  0.110860E+04
    13325.00     9750.00  0.110814E+04
    13325.00     9775.00  0.110756E+04
    13325.00     9800.00  0.110683E+04
    13325.00     9825.00  0.110587E+04
    13325.00     9850.00  0.110461E+04
    13325.00     9875.00  0.110314E+04
    13325.00     9900.00  0.110163E+04
    13325.00     9925.00  0.110026E+04
    13325.00     9950.00  0.109917E+04
    13325.00     9975.00  0.109846E+04
    13325.00    10000.00  0.109814E+04
    13350.00     9000.00  0.108819E+04
    13350.00     9025.00  0.108621E+04
    13350.00     9050.00  0.108242E+04
    13350.00     9075.00  0.107795E+04
    13350.00     9100.00  0.107367E+04
    13350.00     9125.00  0.107024E+04
    13350.00     9150.00  0.106829E+04
    13350.00     9175.00  0.106812E+04
    13350.00     9200.00  0.106975E+04
    13350.00     9225.00  0.107298E+04
    13350.00     9250.00  0.107722E+04
    13350.00     9275.00  0.108147E+04
    13350.00     9300.00  0.108499E+04
    13350.00     9325.00  0.108771E+04
    13350.00     9350.00  0.108993E+04
    13350.00     9375.00  0.109198E+04
    13350.00     9400.00  0.109399E+04
    13350.00     9425.00  0.109586E+04
    13350.00     9450.00  0.109730E+04
    13350.00     9475.00  0.109836E+04
    13350.00     9500.00  0.109954E+04
    13350.00     9525.00  0.110130E+04
    13350.00     9550.00  0.110344E+04
    13350.00     9575.00  0.110533E+04
    13350.00     9600.00  0.110658E+04
    13350.00     9625.00  0.110726E+04
    13350.00     9650.00  0.110757E+04
    13350.00     9675.00  0.110768E+04
    13350.00     9700.00  0.110759E+04
    13350.00     9725.00  0.110735E+04
    13350.00     9750.00  0.110705E+04
    13350.00     9775.00  0.110670E+04
    13350.00     9800.00  0.110618E+04
    13350.00     9825.00  0.110532E+04
    13350.00     9850.00  0.110406E+04
    13350.00     9875.00  0.110256E+04
    13350.00     9900.00  0.110104E+04
    13350.00     9925.00  0.109972E+04
    13350.00     9950.00  0.109868E+04
    13350.00     9975.00  0.109797E+04
    13350.00    10000.00  0.109765E+04
    13375.00     9000.00  0.108670E+04
    13375.00     9025.00  0.108571E+04
    13375.00     9050.00  0.108358E+04
    13375.00     9075.00  0.108059E+04
    13375.00     9100.00  0.107703E+04
    13375.00     9125.00  0.107330E+04
    13375.00     9150.00  0.107006E+04
    13375.00     9175.00  0.106794E+04
    13375.00     9200.00  0.106748E+04
    13375.00     9225.00  0.106891E+04
    13375.00     9250.00  0.107169E+04
    13375.00     9275.00  0.107471E+04
    13375.00     9300.00  0.107716E+04
    13375.00     9325.00  0.107905E+04
    13375.00     9350.00  0.108084E+04
    13375.00     9375.00  0.108291E+04
    13375.00     9400.00  0.108528E+04
    13375.00     9425.00  0.108761E+04
    13375.00     9450.00  0.108947E+04
    13375.00     9475.00  0.109096E+04
    13375.00     9500.00  0.109285E+04
    13375.00     9525.00  0.109577E+04
    13375.00     9550.00  0.109943E+04
    13375.00     9575.00  0.110284E+04
    13375.00     9600.00  0.110521E+04
    13375.00     9625.00  0.110642E+04
    13375.00     9650.00  0.110680E+04
    13375.00     9675.00  0.110671E+04
    13375.00     9700.00  0.110642E+04
    13375.00     9725.00  0.110612E+04
    13375.00     9750.00  0.110594E+04
    13375.00     9775.00  0.110581E+04
    13375.00     9800.00  0.110550E+04
    13375.00     9825.00  0.110474E+04
    13375.00     9850.00  0.110351E+04
    13375.00     9875.00  0.110200E+04
    13375.00     9900.00  0.110050E+04
    13375.00     9925.00  0.109919E+04
    13375.00     9950.00  0.109816E+04
    13375.00     9975.00  0.109743E+04
    13375.00    10000.00  0.109707E+04
    13400.00     9000.00  0.108645E+04
    13400.00     9025.00  0.108606E+04
    13400.00     9050.00  0.108496E+04
    13400.00     9075.00  0.108295E+04
    13400.00     9100.00  0.107996E+04
    13400.00     9125.00  0.107624E+04
    13400.00     9150.00  0.107233E+04
    13400.00     9175.00  0.106890E+04
    13400.00     9200.00  0.106668E+04
    13400.00     9225.00  0.106617E+04
    13400.00     9250.00  0.106698E+04
    13400.00     9275.00  0.106815E+04
    13400.00     9300.00  0.106905E+04
    13400.00     9325.00  0.106983E+04
    13400.00     9350.00  0.107097E+04
    13400.00     9375.00  0.107274E+04
    13400.00     9400.00  0.107502E+04
    13400.00     9425.00  0.107734E+04
    13400.00     9450.00  0.107930E+04
    13400.00     9475.00  0.108116E+04
    13400.00     9500.00  0.108392E+04
    13400.00     9525.00  0.108832E+04
    13400.00     9550.00  0.109392E+04
    13400.00     9575.00  0.109930E+04
    13400.00     9600.00  0.110323E+04
    13400.00     9625.00  0.110534E+04
    13400.00     9650.00  0.110601E+04
    13400.00     9675.00  0.110584E+04
    13400.00     9700.00  0.110537E+04
    13400.00     9725.00  0.110498E+04
    13400.00     9750.00  0.110483E+04
    13400.00     9775.00  0.110484E+04
    13400.00     9800.00  0.110468E+04
    13400.00     9825.00  0.110406E+04
    13400.00     9850.00  0.110293E+04
    13400.00     9875.00  0.110148E+04
    13400.00     9900.00  0.110002E+04
    13400.00     9925.00  0.109874E+04
    13400.00     9950.00  0.109769E+04
    13400.00     9975.00  0.109691E+04
    13400.00    10000.00  0.109651E+04
    13425.00     9000.00  0.108728E+04
    13425.00     9025.00  0.108714E+04
    13425.00     9050.00  0.108651E+04
    13425.00     9075.00  0.108502E+04
    13425.00     9100.00  0.108248E+04
    13425.00     9125.00  0.107900E+04
    13425.00     9150.00  0.107496E+04
    13425.00     9175.00  0.107087E+04
    13425.00     9200.00  0.106742E+04
    13425.00     9225.00  0.106515E+04
    13425.00     9250.00  0.106391E+04
    13425.00     9275.00  0.106309E+04
    13425.00     9300.00  0.106241E+04
    13425.00     9325.00  0.106214E+04
    13425.00     9350.00  0.106259E+04
    13425.00     9375.00  0.106379E+04
    13425.00     9400.00  0.106545E+04
    13425.00     9425.00  0.106717E+04
    13425.00     9450.00  0.106872E+04
    13425.00     9475.00  0.107066E+04
    13425.00     9500.00  0.107417E+04
    13425.00     9525.00  0.108006E+04
    13425.00     9550.00  0.108761E+04
    13425.00     9575.00  0.109501E+04
    13425.00     9600.00  0.110063E+04
    13425.00     9625.00  0.110386E+04
    13425.00     9650.00  0.110507E+04
    13425.00     9675.00  0.110503E+04
    13425.00     9700.00  0.110449E+04
    13425.00     9725.00  0.110398E+04
    13425.00     9750.00  0.110378E+04
    13425.00     9775.00  0.110382E+04
    13425.00     9800.00  0.110377E+04
    13425.00     9825.00  0.110330E+04
    13425.00     9850.00  0.110234E+04
    13425.00     9875.00  0.110105E+04
    13425.00     9900.00  0.109970E+04
    13425.00     9925.00  0.109846E+04
    13425.00     9950.00  0.109739E+04
    13425.00     9975.00  0.109654E+04
    13425.00    10000.00  0.109609E+04
    13450.00     9000.00  0.108918E+04
    13450.00     9025.00  0.108907E+04
    13450.00     9050.00  0.108855E+04
    13450.00     9075.00  0.108732E+04
    13450.00     9100.00  0.108515E+04
    13450.00     9125.00  0.108204E+04
    13450.00     9150.00  0.107815E+04
    13450.00     9175.00  0.107386E+04
    13450.00     9200.00  0.106972E+04
    13450.00     9225.00  0.106623E+04
    13450.00     9250.00  0.106344E+04
    13450.00     9275.00  0.106112E+04
    13450.00     9300.00  0.105931E+04
    13450.00     9325.00  0.105832E+04
    13450.00     9350.00  0.105826E+04
    13450.00     9375.00  0.105882E+04
    13450.00     9400.00  0.105960E+04
    13450.00     9425.00  0.106028E+04
    13450.00     9450.00  0.106098E+04
    13450.00     9475.00  0.106251E+04
    13450.00     9500.00  0.106626E+04
    13450.00     9525.00  0.107297E+04
    13450.00     9550.00  0.108176E+04
    13450.00     9575.00  0.109056E+04
    13450.00     9600.00  0.109752E+04
    13450.00     9625.00  0.110183E+04
    13450.00     9650.00  0.110374E+04
    13450.00     9675.00  0.110407E+04
    13450.00     9700.00  0.110366E+04
    13450.00     9725.00  0.110317E+04
    13450.00     9750.00  0.110294E+04
    13450.00     9775.00  0.110298E+04
    13450.00     9800.00  0.110301E+04
    13450.00     9825.00  0.110272E+04
    13450.00     9850.00  0.110199E+04
    13450.00     9875.00  0.110094E+04
    13450.00     9900.00  0.109977E+04
    13450.00     9925.00  0.109863E+04
    13450.00     9950.00  0.109760E+04
    13450.00     9975.00  0.109676E+04
    13450.00    10000.00  0.109627E+04
    13475.00     9000.00  0.109301E+04
    13475.00     9025.00  0.109295E+04
    13475.00     9050.00  0.109252E+04
    13475.00     9075.00  0.109155E+04
    13475.00     9100.00  0.108986E+04
    13475.00     9125.00  0.108732E+04
    13475.00     9150.00  0.108398E+04
    13475.00     9175.00  0.108006E+04
    13475.00     9200.00  0.107600E+04
    13475.00     9225.00  0.107220E+04
    13475.00     9250.00  0.106883E+04
    13475.00     9275.00  0.106591E+04
    13475.00     9300.00  0.106368E+04
    13475.00     9325.00  0.106246E+04
    13475.00     9350.00  0.106216E+04
    13475.00     9375.00  0.106224E+04
    13475.00     9400.00  0.106214E+04
    13475.00     9425.00  0.106170E+04
    13475.00     9450.00  0.106130E+04
    13475.00     9475.00  0.106186E+04
    13475.00     9500.00  0.106463E+04
    13475.00     9525.00  0.107027E+04
    13475.00     9550.00  0.107805E+04
    13475.00     9575.00  0.108621E+04
    13475.00     9600.00  0.109305E+04
    13475.00     9625.00  0.109770E+04
    13475.00     9650.00  0.110020E+04
    13475.00     9675.00  0.110116E+04
    13475.00     9700.00  0.110139E+04
    13475.00     9725.00  0.110151E+04
    13475.00     9750.00  0.110182E+04
    13475.00     9775.00  0.110228E+04
    13475.00     9800.00  0.110265E+04
    13475.00     9825.00  0.110269E+04
    13475.00     9850.00  0.110234E+04
    13475.00     9875.00  0.110166E+04
    13475.00     9900.00  0.110082E+04
    13475.00     9925.00  0.109996E+04
    13475.00     9950.00  0.109919E+04
    13475.00     9975.00  0.109855E+04
    13475.00    10000.00  0.109814E+04
    13500.00     9000.00  0.110013E+04
    13500.00     9025.00  0.110028E+04
    13500.00     9050.00  0.110024E+04
    13500.00     9075.00  0.109994E+04
    13500.00     9100.00  0.109925E+04
    13500.00     9125.00  0.109793E+04
    13500.00     9150.00  0.109595E+04
    13500.00     9175.00  0.109348E+04
    13500.00     9200.00  0.109072E+04
    13500.00     9225.00  0.108786E+04
    13500.00     9250.00  0.108506E+04
    13500.00     9275.00  0.108258E+04
    13500.00     9300.00  0.108075E+04
    13500.00     9325.00  0.107977E+04
    13500.00     9350.00  0.107936E+04
    13500.00     9375.00  0.107892E+04
    13500.00     9400.00  0.107799E+04
    13500.00     9425.00  0.107660E+04
    13500.00     9450.00  0.107526E+04
    13500.00     9475.00  0.107417E+04
    13500.00     9500.00  0.107379E+04
    13500.00     9525.00  0.107459E+04
    13500.00     9550.00  0.107670E+04
    13500.00     9575.00  0.107982E+04
    13500.00     9600.00  0.108356E+04
    13500.00     9625.00  0.108709E+04
    13500.00     9650.00  0.108984E+04
    13500.00     9675.00  0.109189E+04
    13500.00     9700.00  0.109384E+04
    13500.00     9725.00  0.109616E+04
    13500.00     9750.00  0.109870E+04
    13500.00     9775.00  0.110092E+04
    13500.00     9800.00  0.110245E+04
    13500.00     9825.00  0.110328E+04
    13500.00     9850.00  0.110362E+04
    13500.00     9875.00  0.110365E+04
    13500.00     9900.00  0.110349E+04
    13500.00     9925.00  0.110321E+04
    13500.00     9950.00  0.110290E+04
    13500.00     9975.00  0.110262E+04
    13500.00    10000.00  0.110241E+04
